Z =

     2     2     3     3     3     6     6     6     6     6     6    10    10    10    10    10    10    10    10    10    10    18    18    18    18    18    18    18    18    18    18    18    18    18    18    18    18    18    18

Z0 =

     0     1     0     1     2     0     1     2     3     4     5     0     1     2     3     4     5     6     7     8     9     0     1     2     3     4     5     6     7     8     9    10    11    12    13    14    15    16    17

Mean excitation energy =

     8.3523e-05     1.1718e-04     6.4775e-05     2.1155e-04     2.6243e-04     1.2896e-04     1.8121e-04     2.6380e-04     4.1918e-04     9.5147e-04     0.0011     2.6849e-04     3.2329e-04     3.8532e-04     4.6027e-04     5.5342e-04     6.9002e-04     9.2955e-04     0.0014     0.0028     0.0029     3.6888e-04     4.2935e-04     4.9667e-04     5.7417e-04     6.6360e-04     7.7202e-04     9.0685e-04     0.0011     0.0014     0.0016    0.0017    0.0019    0.0022    0.0027    0.0035    0.0049    0.0092    0.0095
